size                 user_time            descriptors          nonterminal_nodes    intermediate_nodes     terminal_nodes  packed_nodes    ambiguities
10                   0                    1203                 55                   45                     10              460             72             
10                   0                    1203                 55                   45                     10              460             72             
10                   0                    1203                 55                   45                     10              460             72             
10                   0                    1203                 55                   45                     10              460             72             
10                   0                    1203                 55                   45                     10              460             72             
10                   0                    1203                 55                   45                     10              460             72             
10                   0                    1203                 55                   45                     10              460             72             
10                   0                    1203                 55                   45                     10              460             72             
10                   0                    1203                 55                   45                     10              460             72             
10                   0                    1203                 55                   45                     10              460             72             
20                   4                    4878                 210                  190                    20              3820            342            
20                   4                    4878                 210                  190                    20              3820            342            
20                   3                    4878                 210                  190                    20              3820            342            
20                   3                    4878                 210                  190                    20              3820            342            
20                   3                    4878                 210                  190                    20              3820            342            
20                   3                    4878                 210                  190                    20              3820            342            
20                   3                    4878                 210                  190                    20              3820            342            
20                   6                    4878                 210                  190                    20              3820            342            
20                   3                    4878                 210                  190                    20              3820            342            
20                   3                    4878                 210                  190                    20              3820            342            
30                   13                   11053                465                  435                    30              13080           812            
30                   15                   11053                465                  435                    30              13080           812            
30                   12                   11053                465                  435                    30              13080           812            
30                   15                   11053                465                  435                    30              13080           812            
30                   13                   11053                465                  435                    30              13080           812            
30                   15                   11053                465                  435                    30              13080           812            
30                   11                   11053                465                  435                    30              13080           812            
30                   16                   11053                465                  435                    30              13080           812            
30                   16                   11053                465                  435                    30              13080           812            
30                   12                   11053                465                  435                    30              13080           812            
40                   35                   19728                820                  780                    40              31240           1482           
40                   32                   19728                820                  780                    40              31240           1482           
40                   33                   19728                820                  780                    40              31240           1482           
40                   34                   19728                820                  780                    40              31240           1482           
40                   29                   19728                820                  780                    40              31240           1482           
40                   33                   19728                820                  780                    40              31240           1482           
40                   29                   19728                820                  780                    40              31240           1482           
40                   28                   19728                820                  780                    40              31240           1482           
40                   30                   19728                820                  780                    40              31240           1482           
40                   28                   19728                820                  780                    40              31240           1482           
50                   59                   30903                1275                 1225                   50              61300           2352           
50                   60                   30903                1275                 1225                   50              61300           2352           
50                   59                   30903                1275                 1225                   50              61300           2352           
50                   65                   30903                1275                 1225                   50              61300           2352           
50                   62                   30903                1275                 1225                   50              61300           2352           
50                   60                   30903                1275                 1225                   50              61300           2352           
50                   65                   30903                1275                 1225                   50              61300           2352           
50                   61                   30903                1275                 1225                   50              61300           2352           
50                   62                   30903                1275                 1225                   50              61300           2352           
50                   60                   30903                1275                 1225                   50              61300           2352           
60                   108                  44578                1830                 1770                   60              106260          3422           
60                   106                  44578                1830                 1770                   60              106260          3422           
60                   106                  44578                1830                 1770                   60              106260          3422           
60                   104                  44578                1830                 1770                   60              106260          3422           
60                   112                  44578                1830                 1770                   60              106260          3422           
60                   109                  44578                1830                 1770                   60              106260          3422           
60                   114                  44578                1830                 1770                   60              106260          3422           
60                   106                  44578                1830                 1770                   60              106260          3422           
60                   106                  44578                1830                 1770                   60              106260          3422           
60                   106                  44578                1830                 1770                   60              106260          3422           
70                   180                  60753                2485                 2415                   70              169120          4692           
70                   179                  60753                2485                 2415                   70              169120          4692           
70                   175                  60753                2485                 2415                   70              169120          4692           
70                   175                  60753                2485                 2415                   70              169120          4692           
70                   186                  60753                2485                 2415                   70              169120          4692           
70                   181                  60753                2485                 2415                   70              169120          4692           
70                   176                  60753                2485                 2415                   70              169120          4692           
70                   175                  60753                2485                 2415                   70              169120          4692           
70                   177                  60753                2485                 2415                   70              169120          4692           
70                   175                  60753                2485                 2415                   70              169120          4692           
80                   278                  79428                3240                 3160                   80              252880          6162           
80                   274                  79428                3240                 3160                   80              252880          6162           
80                   272                  79428                3240                 3160                   80              252880          6162           
80                   287                  79428                3240                 3160                   80              252880          6162           
80                   274                  79428                3240                 3160                   80              252880          6162           
80                   274                  79428                3240                 3160                   80              252880          6162           
80                   278                  79428                3240                 3160                   80              252880          6162           
80                   283                  79428                3240                 3160                   80              252880          6162           
80                   270                  79428                3240                 3160                   80              252880          6162           
80                   255                  79428                3240                 3160                   80              252880          6162           
90                   408                  100603               4095                 4005                   90              360540          7832           
90                   398                  100603               4095                 4005                   90              360540          7832           
90                   403                  100603               4095                 4005                   90              360540          7832           
90                   395                  100603               4095                 4005                   90              360540          7832           
90                   423                  100603               4095                 4005                   90              360540          7832           
90                   411                  100603               4095                 4005                   90              360540          7832           
90                   400                  100603               4095                 4005                   90              360540          7832           
90                   400                  100603               4095                 4005                   90              360540          7832           
90                   400                  100603               4095                 4005                   90              360540          7832           
90                   399                  100603               4095                 4005                   90              360540          7832           
100                  554                  124278               5050                 4950                   100             495100          9702           
100                  557                  124278               5050                 4950                   100             495100          9702           
100                  538                  124278               5050                 4950                   100             495100          9702           
100                  574                  124278               5050                 4950                   100             495100          9702           
100                  553                  124278               5050                 4950                   100             495100          9702           
100                  563                  124278               5050                 4950                   100             495100          9702           
100                  559                  124278               5050                 4950                   100             495100          9702           
100                  562                  124278               5050                 4950                   100             495100          9702           
100                  556                  124278               5050                 4950                   100             495100          9702           
100                  555                  124278               5050                 4950                   100             495100          9702           
110                  758                  150453               6105                 5995                   110             659560          11772          
110                  721                  150453               6105                 5995                   110             659560          11772          
110                  763                  150453               6105                 5995                   110             659560          11772          
110                  762                  150453               6105                 5995                   110             659560          11772          
110                  751                  150453               6105                 5995                   110             659560          11772          
110                  756                  150453               6105                 5995                   110             659560          11772          
110                  747                  150453               6105                 5995                   110             659560          11772          
110                  766                  150453               6105                 5995                   110             659560          11772          
110                  766                  150453               6105                 5995                   110             659560          11772          
110                  771                  150453               6105                 5995                   110             659560          11772          
120                  995                  179128               7260                 7140                   120             856920          14042          
120                  1003                 179128               7260                 7140                   120             856920          14042          
120                  1019                 179128               7260                 7140                   120             856920          14042          
120                  995                  179128               7260                 7140                   120             856920          14042          
120                  991                  179128               7260                 7140                   120             856920          14042          
120                  995                  179128               7260                 7140                   120             856920          14042          
120                  1011                 179128               7260                 7140                   120             856920          14042          
120                  1005                 179128               7260                 7140                   120             856920          14042          
120                  1002                 179128               7260                 7140                   120             856920          14042          
120                  999                  179128               7260                 7140                   120             856920          14042          
130                  1240                 210303               8515                 8385                   130             1090180         16512          
130                  1296                 210303               8515                 8385                   130             1090180         16512          
130                  1316                 210303               8515                 8385                   130             1090180         16512          
130                  1314                 210303               8515                 8385                   130             1090180         16512          
130                  1273                 210303               8515                 8385                   130             1090180         16512          
130                  1339                 210303               8515                 8385                   130             1090180         16512          
130                  1316                 210303               8515                 8385                   130             1090180         16512          
130                  1312                 210303               8515                 8385                   130             1090180         16512          
130                  1315                 210303               8515                 8385                   130             1090180         16512          
130                  1276                 210303               8515                 8385                   130             1090180         16512          
140                  1651                 243978               9870                 9730                   140             1362340         19182          
140                  1681                 243978               9870                 9730                   140             1362340         19182          
140                  1658                 243978               9870                 9730                   140             1362340         19182          
140                  1676                 243978               9870                 9730                   140             1362340         19182          
140                  1690                 243978               9870                 9730                   140             1362340         19182          
140                  1661                 243978               9870                 9730                   140             1362340         19182          
140                  1604                 243978               9870                 9730                   140             1362340         19182          
140                  1655                 243978               9870                 9730                   140             1362340         19182          
140                  1666                 243978               9870                 9730                   140             1362340         19182          
140                  1655                 243978               9870                 9730                   140             1362340         19182          
150                  2036                 280153               11325                11175                  150             1676400         22052          
150                  2061                 280153               11325                11175                  150             1676400         22052          
150                  2063                 280153               11325                11175                  150             1676400         22052          
150                  2027                 280153               11325                11175                  150             1676400         22052          
150                  2084                 280153               11325                11175                  150             1676400         22052          
150                  2052                 280153               11325                11175                  150             1676400         22052          
150                  2024                 280153               11325                11175                  150             1676400         22052          
150                  2037                 280153               11325                11175                  150             1676400         22052          
150                  2056                 280153               11325                11175                  150             1676400         22052          
150                  2015                 280153               11325                11175                  150             1676400         22052          
160                  2553                 318828               12880                12720                  160             2035360         25122          
160                  2467                 318828               12880                12720                  160             2035360         25122          
160                  2527                 318828               12880                12720                  160             2035360         25122          
160                  2525                 318828               12880                12720                  160             2035360         25122          
160                  2427                 318828               12880                12720                  160             2035360         25122          
160                  2519                 318828               12880                12720                  160             2035360         25122          
160                  2451                 318828               12880                12720                  160             2035360         25122          
160                  2533                 318828               12880                12720                  160             2035360         25122          
160                  2538                 318828               12880                12720                  160             2035360         25122          
160                  2422                 318828               12880                12720                  160             2035360         25122          
170                  3045                 360003               14535                14365                  170             2442220         28392          
170                  2946                 360003               14535                14365                  170             2442220         28392          
170                  3044                 360003               14535                14365                  170             2442220         28392          
170                  2971                 360003               14535                14365                  170             2442220         28392          
170                  3055                 360003               14535                14365                  170             2442220         28392          
170                  3057                 360003               14535                14365                  170             2442220         28392          
170                  3050                 360003               14535                14365                  170             2442220         28392          
170                  3068                 360003               14535                14365                  170             2442220         28392          
170                  2992                 360003               14535                14365                  170             2442220         28392          
170                  3082                 360003               14535                14365                  170             2442220         28392          
180                  3527                 403678               16290                16110                  180             2899980         31862          
180                  3671                 403678               16290                16110                  180             2899980         31862          
180                  3578                 403678               16290                16110                  180             2899980         31862          
180                  3640                 403678               16290                16110                  180             2899980         31862          
180                  3660                 403678               16290                16110                  180             2899980         31862          
180                  3603                 403678               16290                16110                  180             2899980         31862          
180                  3693                 403678               16290                16110                  180             2899980         31862          
180                  3587                 403678               16290                16110                  180             2899980         31862          
180                  3687                 403678               16290                16110                  180             2899980         31862          
180                  3575                 403678               16290                16110                  180             2899980         31862          
190                  4327                 449853               18145                17955                  190             3411640         35532          
190                  4227                 449853               18145                17955                  190             3411640         35532          
190                  4218                 449853               18145                17955                  190             3411640         35532          
190                  4337                 449853               18145                17955                  190             3411640         35532          
190                  4184                 449853               18145                17955                  190             3411640         35532          
190                  4272                 449853               18145                17955                  190             3411640         35532          
190                  4323                 449853               18145                17955                  190             3411640         35532          
190                  4207                 449853               18145                17955                  190             3411640         35532          
190                  4311                 449853               18145                17955                  190             3411640         35532          
190                  4290                 449853               18145                17955                  190             3411640         35532          
200                  5006                 498528               20100                19900                  200             3980200         39402          
200                  5060                 498528               20100                19900                  200             3980200         39402          
200                  5080                 498528               20100                19900                  200             3980200         39402          
200                  4947                 498528               20100                19900                  200             3980200         39402          
200                  4954                 498528               20100                19900                  200             3980200         39402          
200                  5053                 498528               20100                19900                  200             3980200         39402          
200                  5178                 498528               20100                19900                  200             3980200         39402          
200                  4973                 498528               20100                19900                  200             3980200         39402          
200                  4931                 498528               20100                19900                  200             3980200         39402          
200                  5076                 498528               20100                19900                  200             3980200         39402          
210                  5928                 549703               22155                21945                  210             4608660         43472          
210                  5827                 549703               22155                21945                  210             4608660         43472          
210                  5793                 549703               22155                21945                  210             4608660         43472          
210                  5727                 549703               22155                21945                  210             4608660         43472          
210                  5762                 549703               22155                21945                  210             4608660         43472          
210                  5778                 549703               22155                21945                  210             4608660         43472          
210                  5873                 549703               22155                21945                  210             4608660         43472          
210                  5908                 549703               22155                21945                  210             4608660         43472          
210                  5920                 549703               22155                21945                  210             4608660         43472          
210                  5802                 549703               22155                21945                  210             4608660         43472          
220                  6716                 603378               24310                24090                  220             5300020         47742          
220                  6667                 603378               24310                24090                  220             5300020         47742          
220                  6656                 603378               24310                24090                  220             5300020         47742          
220                  6662                 603378               24310                24090                  220             5300020         47742          
220                  6682                 603378               24310                24090                  220             5300020         47742          
220                  6729                 603378               24310                24090                  220             5300020         47742          
220                  6699                 603378               24310                24090                  220             5300020         47742          
220                  6663                 603378               24310                24090                  220             5300020         47742          
220                  6713                 603378               24310                24090                  220             5300020         47742          
220                  6717                 603378               24310                24090                  220             5300020         47742          
230                  7716                 659553               26565                26335                  230             6057280         52212          
230                  7781                 659553               26565                26335                  230             6057280         52212          
230                  7870                 659553               26565                26335                  230             6057280         52212          
230                  7780                 659553               26565                26335                  230             6057280         52212          
230                  7741                 659553               26565                26335                  230             6057280         52212          
230                  7635                 659553               26565                26335                  230             6057280         52212          
230                  7631                 659553               26565                26335                  230             6057280         52212          
230                  7590                 659553               26565                26335                  230             6057280         52212          
230                  7449                 659553               26565                26335                  230             6057280         52212          
230                  7619                 659553               26565                26335                  230             6057280         52212          
240                  8726                 718228               28920                28680                  240             6883440         56882          
240                  8725                 718228               28920                28680                  240             6883440         56882          
240                  8774                 718228               28920                28680                  240             6883440         56882          
240                  8758                 718228               28920                28680                  240             6883440         56882          
240                  8746                 718228               28920                28680                  240             6883440         56882          
240                  8715                 718228               28920                28680                  240             6883440         56882          
240                  8786                 718228               28920                28680                  240             6883440         56882          
240                  8747                 718228               28920                28680                  240             6883440         56882          
240                  8767                 718228               28920                28680                  240             6883440         56882          
240                  8731                 718228               28920                28680                  240             6883440         56882          
250                  9971                 779403               31375                31125                  250             7781500         61752          
250                  9942                 779403               31375                31125                  250             7781500         61752          
250                  9979                 779403               31375                31125                  250             7781500         61752          
250                  9934                 779403               31375                31125                  250             7781500         61752          
250                  9903                 779403               31375                31125                  250             7781500         61752          
250                  9944                 779403               31375                31125                  250             7781500         61752          
250                  9940                 779403               31375                31125                  250             7781500         61752          
250                  9925                 779403               31375                31125                  250             7781500         61752          
250                  9998                 779403               31375                31125                  250             7781500         61752          
250                  9934                 779403               31375                31125                  250             7781500         61752          
260                  11241                843078               33930                33670                  260             8754460         66822          
260                  11213                843078               33930                33670                  260             8754460         66822          
260                  11241                843078               33930                33670                  260             8754460         66822          
260                  11315                843078               33930                33670                  260             8754460         66822          
260                  11234                843078               33930                33670                  260             8754460         66822          
260                  11260                843078               33930                33670                  260             8754460         66822          
260                  11277                843078               33930                33670                  260             8754460         66822          
260                  11260                843078               33930                33670                  260             8754460         66822          
260                  11324                843078               33930                33670                  260             8754460         66822          
260                  11294                843078               33930                33670                  260             8754460         66822          
270                  12611                909253               36585                36315                  270             9805320         72092          
270                  12625                909253               36585                36315                  270             9805320         72092          
270                  12790                909253               36585                36315                  270             9805320         72092          
270                  12742                909253               36585                36315                  270             9805320         72092          
270                  12724                909253               36585                36315                  270             9805320         72092          
270                  12675                909253               36585                36315                  270             9805320         72092          
270                  12740                909253               36585                36315                  270             9805320         72092          
270                  12710                909253               36585                36315                  270             9805320         72092          
270                  12657                909253               36585                36315                  270             9805320         72092          
270                  12708                909253               36585                36315                  270             9805320         72092          
280                  14214                977928               39340                39060                  280             10937080        77562          
280                  14259                977928               39340                39060                  280             10937080        77562          
280                  14253                977928               39340                39060                  280             10937080        77562          
280                  14217                977928               39340                39060                  280             10937080        77562          
280                  14191                977928               39340                39060                  280             10937080        77562          
280                  14153                977928               39340                39060                  280             10937080        77562          
280                  14228                977928               39340                39060                  280             10937080        77562          
280                  14168                977928               39340                39060                  280             10937080        77562          
280                  14179                977928               39340                39060                  280             10937080        77562          
280                  14239                977928               39340                39060                  280             10937080        77562          
290                  16066                1049103              42195                41905                  290             12152740        83232          
290                  16181                1049103              42195                41905                  290             12152740        83232          
290                  15816                1049103              42195                41905                  290             12152740        83232          
290                  15942                1049103              42195                41905                  290             12152740        83232          
290                  15875                1049103              42195                41905                  290             12152740        83232          
290                  15925                1049103              42195                41905                  290             12152740        83232          
290                  15983                1049103              42195                41905                  290             12152740        83232          
290                  15889                1049103              42195                41905                  290             12152740        83232          
290                  15983                1049103              42195                41905                  290             12152740        83232          
290                  15942                1049103              42195                41905                  290             12152740        83232          
300                  17803                1122778              45150                44850                  300             13455300        89102          
300                  17831                1122778              45150                44850                  300             13455300        89102          
300                  17704                1122778              45150                44850                  300             13455300        89102          
300                  17811                1122778              45150                44850                  300             13455300        89102          
300                  17786                1122778              45150                44850                  300             13455300        89102          
300                  17710                1122778              45150                44850                  300             13455300        89102          
300                  17695                1122778              45150                44850                  300             13455300        89102          
300                  17749                1122778              45150                44850                  300             13455300        89102          
300                  17826                1122778              45150                44850                  300             13455300        89102          
300                  18147                1122778              45150                44850                  300             13455300        89102          
310                  20392                1198953              48205                47895                  310             14847760        95172          
310                  19849                1198953              48205                47895                  310             14847760        95172          
310                  19710                1198953              48205                47895                  310             14847760        95172          
310                  19859                1198953              48205                47895                  310             14847760        95172          
310                  19730                1198953              48205                47895                  310             14847760        95172          
310                  19873                1198953              48205                47895                  310             14847760        95172          
310                  19670                1198953              48205                47895                  310             14847760        95172          
310                  19619                1198953              48205                47895                  310             14847760        95172          
310                  19749                1198953              48205                47895                  310             14847760        95172          
310                  19667                1198953              48205                47895                  310             14847760        95172          
320                  21805                1277628              51360                51040                  320             16333120        101442         
320                  21812                1277628              51360                51040                  320             16333120        101442         
320                  21882                1277628              51360                51040                  320             16333120        101442         
320                  21745                1277628              51360                51040                  320             16333120        101442         
320                  21687                1277628              51360                51040                  320             16333120        101442         
320                  22024                1277628              51360                51040                  320             16333120        101442         
320                  21724                1277628              51360                51040                  320             16333120        101442         
320                  21779                1277628              51360                51040                  320             16333120        101442         
320                  21760                1277628              51360                51040                  320             16333120        101442         
320                  21727                1277628              51360                51040                  320             16333120        101442         
330                  24007                1358803              54615                54285                  330             17914380        107912         
330                  24064                1358803              54615                54285                  330             17914380        107912         
330                  24182                1358803              54615                54285                  330             17914380        107912         
330                  24054                1358803              54615                54285                  330             17914380        107912         
330                  23983                1358803              54615                54285                  330             17914380        107912         
330                  24114                1358803              54615                54285                  330             17914380        107912         
330                  24088                1358803              54615                54285                  330             17914380        107912         
330                  23952                1358803              54615                54285                  330             17914380        107912         
330                  24115                1358803              54615                54285                  330             17914380        107912         
330                  24018                1358803              54615                54285                  330             17914380        107912         
340                  26367                1442478              57970                57630                  340             19594540        114582         
340                  26433                1442478              57970                57630                  340             19594540        114582         
340                  26487                1442478              57970                57630                  340             19594540        114582         
340                  26321                1442478              57970                57630                  340             19594540        114582         
340                  26261                1442478              57970                57630                  340             19594540        114582         
340                  26414                1442478              57970                57630                  340             19594540        114582         
340                  26524                1442478              57970                57630                  340             19594540        114582         
340                  26334                1442478              57970                57630                  340             19594540        114582         
340                  26453                1442478              57970                57630                  340             19594540        114582         
340                  26432                1442478              57970                57630                  340             19594540        114582         
350                  28839                1528653              61425                61075                  350             21376600        121452         
350                  28892                1528653              61425                61075                  350             21376600        121452         
350                  28927                1528653              61425                61075                  350             21376600        121452         
350                  28953                1528653              61425                61075                  350             21376600        121452         
350                  29046                1528653              61425                61075                  350             21376600        121452         
350                  28903                1528653              61425                61075                  350             21376600        121452         
350                  29153                1528653              61425                61075                  350             21376600        121452         
350                  28897                1528653              61425                61075                  350             21376600        121452         
350                  28755                1528653              61425                61075                  350             21376600        121452         
350                  28956                1528653              61425                61075                  350             21376600        121452         
360                  31434                1617328              64980                64620                  360             23263560        128522         
360                  31751                1617328              64980                64620                  360             23263560        128522         
360                  31604                1617328              64980                64620                  360             23263560        128522         
360                  31707                1617328              64980                64620                  360             23263560        128522         
360                  31557                1617328              64980                64620                  360             23263560        128522         
360                  31475                1617328              64980                64620                  360             23263560        128522         
360                  31647                1617328              64980                64620                  360             23263560        128522         
360                  31864                1617328              64980                64620                  360             23263560        128522         
360                  31575                1617328              64980                64620                  360             23263560        128522         
360                  31667                1617328              64980                64620                  360             23263560        128522         
370                  34571                1708503              68635                68265                  370             25258420        135792         
370                  34629                1708503              68635                68265                  370             25258420        135792         
370                  34556                1708503              68635                68265                  370             25258420        135792         
370                  34404                1708503              68635                68265                  370             25258420        135792         
370                  34419                1708503              68635                68265                  370             25258420        135792         
370                  34340                1708503              68635                68265                  370             25258420        135792         
370                  34644                1708503              68635                68265                  370             25258420        135792         
370                  34442                1708503              68635                68265                  370             25258420        135792         
370                  34472                1708503              68635                68265                  370             25258420        135792         
370                  34328                1708503              68635                68265                  370             25258420        135792         
380                  37466                1802178              72390                72010                  380             27364180        143262         
380                  37587                1802178              72390                72010                  380             27364180        143262         
380                  37513                1802178              72390                72010                  380             27364180        143262         
380                  37299                1802178              72390                72010                  380             27364180        143262         
380                  37391                1802178              72390                72010                  380             27364180        143262         
380                  37573                1802178              72390                72010                  380             27364180        143262         
380                  37544                1802178              72390                72010                  380             27364180        143262         
380                  37548                1802178              72390                72010                  380             27364180        143262         
380                  37614                1802178              72390                72010                  380             27364180        143262         
380                  37406                1802178              72390                72010                  380             27364180        143262         
390                  40733                1898353              76245                75855                  390             29583840        150932         
390                  40825                1898353              76245                75855                  390             29583840        150932         
390                  40920                1898353              76245                75855                  390             29583840        150932         
390                  40856                1898353              76245                75855                  390             29583840        150932         
390                  40762                1898353              76245                75855                  390             29583840        150932         
390                  40796                1898353              76245                75855                  390             29583840        150932         
390                  40640                1898353              76245                75855                  390             29583840        150932         
390                  41197                1898353              76245                75855                  390             29583840        150932         
390                  40829                1898353              76245                75855                  390             29583840        150932         
390                  40688                1898353              76245                75855                  390             29583840        150932         
400                  44263                1997028              80200                79800                  400             31920400        158802         
400                  44230                1997028              80200                79800                  400             31920400        158802         
400                  44285                1997028              80200                79800                  400             31920400        158802         
400                  44365                1997028              80200                79800                  400             31920400        158802         
400                  44150                1997028              80200                79800                  400             31920400        158802         
400                  43898                1997028              80200                79800                  400             31920400        158802         
400                  44238                1997028              80200                79800                  400             31920400        158802         
400                  44003                1997028              80200                79800                  400             31920400        158802         
400                  44324                1997028              80200                79800                  400             31920400        158802         
400                  44251                1997028              80200                79800                  400             31920400        158802         
410                  48023                2098203              84255                83845                  410             34376860        166872         
410                  48035                2098203              84255                83845                  410             34376860        166872         
410                  47588                2098203              84255                83845                  410             34376860        166872         
410                  47703                2098203              84255                83845                  410             34376860        166872         
410                  47519                2098203              84255                83845                  410             34376860        166872         
410                  47808                2098203              84255                83845                  410             34376860        166872         
410                  47464                2098203              84255                83845                  410             34376860        166872         
410                  47408                2098203              84255                83845                  410             34376860        166872         
410                  47576                2098203              84255                83845                  410             34376860        166872         
410                  47890                2098203              84255                83845                  410             34376860        166872         
420                  51428                2201878              88410                87990                  420             36956220        175142         
420                  51540                2201878              88410                87990                  420             36956220        175142         
420                  51471                2201878              88410                87990                  420             36956220        175142         
420                  51547                2201878              88410                87990                  420             36956220        175142         
420                  51152                2201878              88410                87990                  420             36956220        175142         
420                  51539                2201878              88410                87990                  420             36956220        175142         
420                  51319                2201878              88410                87990                  420             36956220        175142         
420                  51216                2201878              88410                87990                  420             36956220        175142         
420                  51911                2201878              88410                87990                  420             36956220        175142         
420                  51343                2201878              88410                87990                  420             36956220        175142         
430                  55755                2308053              92665                92235                  430             39661480        183612         
430                  55592                2308053              92665                92235                  430             39661480        183612         
430                  55601                2308053              92665                92235                  430             39661480        183612         
430                  55798                2308053              92665                92235                  430             39661480        183612         
430                  55110                2308053              92665                92235                  430             39661480        183612         
430                  55608                2308053              92665                92235                  430             39661480        183612         
430                  55588                2308053              92665                92235                  430             39661480        183612         
430                  55616                2308053              92665                92235                  430             39661480        183612         
430                  55719                2308053              92665                92235                  430             39661480        183612         
430                  55276                2308053              92665                92235                  430             39661480        183612         
440                  59805                2416728              97020                96580                  440             42495640        192282         
440                  59690                2416728              97020                96580                  440             42495640        192282         
440                  59650                2416728              97020                96580                  440             42495640        192282         
440                  59581                2416728              97020                96580                  440             42495640        192282         
440                  59943                2416728              97020                96580                  440             42495640        192282         
440                  60007                2416728              97020                96580                  440             42495640        192282         
440                  59799                2416728              97020                96580                  440             42495640        192282         
440                  59890                2416728              97020                96580                  440             42495640        192282         
440                  59747                2416728              97020                96580                  440             42495640        192282         
440                  59485                2416728              97020                96580                  440             42495640        192282         
450                  64367                2527903              101475               101025                 450             45461700        201152         
450                  64168                2527903              101475               101025                 450             45461700        201152         
450                  64503                2527903              101475               101025                 450             45461700        201152         
450                  64490                2527903              101475               101025                 450             45461700        201152         
450                  63787                2527903              101475               101025                 450             45461700        201152         
450                  64227                2527903              101475               101025                 450             45461700        201152         
450                  64727                2527903              101475               101025                 450             45461700        201152         
450                  64258                2527903              101475               101025                 450             45461700        201152         
450                  64366                2527903              101475               101025                 450             45461700        201152         
450                  64006                2527903              101475               101025                 450             45461700        201152         
460                  69209                2641578              106030               105570                 460             48562660        210222         
460                  68743                2641578              106030               105570                 460             48562660        210222         
460                  68842                2641578              106030               105570                 460             48562660        210222         
460                  68530                2641578              106030               105570                 460             48562660        210222         
460                  68755                2641578              106030               105570                 460             48562660        210222         
460                  68948                2641578              106030               105570                 460             48562660        210222         
460                  69041                2641578              106030               105570                 460             48562660        210222         
460                  68562                2641578              106030               105570                 460             48562660        210222         
460                  68825                2641578              106030               105570                 460             48562660        210222         
460                  69028                2641578              106030               105570                 460             48562660        210222         
470                  73913                2757753              110685               110215                 470             51801520        219492         
470                  73326                2757753              110685               110215                 470             51801520        219492         
470                  73919                2757753              110685               110215                 470             51801520        219492         
470                  73934                2757753              110685               110215                 470             51801520        219492         
470                  73470                2757753              110685               110215                 470             51801520        219492         
470                  73654                2757753              110685               110215                 470             51801520        219492         
470                  73695                2757753              110685               110215                 470             51801520        219492         
470                  73795                2757753              110685               110215                 470             51801520        219492         
470                  73800                2757753              110685               110215                 470             51801520        219492         
470                  73859                2757753              110685               110215                 470             51801520        219492         
480                  79057                2876428              115440               114960                 480             55181280        228962         
480                  79087                2876428              115440               114960                 480             55181280        228962         
480                  79069                2876428              115440               114960                 480             55181280        228962         
480                  78653                2876428              115440               114960                 480             55181280        228962         
480                  78474                2876428              115440               114960                 480             55181280        228962         
480                  78427                2876428              115440               114960                 480             55181280        228962         
480                  78818                2876428              115440               114960                 480             55181280        228962         
480                  78790                2876428              115440               114960                 480             55181280        228962         
480                  78939                2876428              115440               114960                 480             55181280        228962         
480                  79197                2876428              115440               114960                 480             55181280        228962         
490                  84087                2997603              120295               119805                 490             58704940        238632         
490                  83863                2997603              120295               119805                 490             58704940        238632         
490                  84405                2997603              120295               119805                 490             58704940        238632         
490                  84403                2997603              120295               119805                 490             58704940        238632         
490                  83987                2997603              120295               119805                 490             58704940        238632         
490                  83879                2997603              120295               119805                 490             58704940        238632         
490                  84590                2997603              120295               119805                 490             58704940        238632         
490                  84544                2997603              120295               119805                 490             58704940        238632         
490                  84078                2997603              120295               119805                 490             58704940        238632         
490                  83965                2997603              120295               119805                 490             58704940        238632         
500                  89311                3121278              125250               124750                 500             62375500        248502         
500                  89903                3121278              125250               124750                 500             62375500        248502         
500                  89442                3121278              125250               124750                 500             62375500        248502         
500                  90037                3121278              125250               124750                 500             62375500        248502         
500                  90343                3121278              125250               124750                 500             62375500        248502         
500                  89797                3121278              125250               124750                 500             62375500        248502         
500                  90481                3121278              125250               124750                 500             62375500        248502         
500                  89845                3121278              125250               124750                 500             62375500        248502         
500                  89817                3121278              125250               124750                 500             62375500        248502         
500                  89710                3121278              125250               124750                 500             62375500        248502         
